207, 207, 207, 207, 207, 207, 207, 207
207, 207, 207, 207, 207, 207, 207, 207
207, 207, 207, 207, 207, 207, 207, 207
207, 207, 207, 207, 207, 207, 207, 207
207, 207, 207, 207, 207, 207, 207, 207
207, 207, 207, 207, 207, 207, 207, 207
207, 207, 207, 207, 207, 207, 207, 207
207, 207, 207, 207, 207, 207, 207, 207
207, 207, 207, 207, 207, 207, 207, 207
207, 207, 207, 207, 207, 207, 207,  79
207, 207, 207, 207, 207, 207, 207, 207
207, 207, 207, 207, 207, 207, 207, 207
207, 207, 207, 207, 207, 207, 207, 207
207, 207, 207, 207, 207, 207, 207, 207
207, 207, 207, 206, 207, 207, 207, 207
207, 207, 207, 207, 207, 207, 207, 207
207, 207, 207, 207, 207, 207, 207, 207
207, 207, 207, 207, 207, 207, 207, 207
207, 207, 207, 207, 207, 207, 207, 207
207, 207, 207, 207, 207, 207, 207, 207
207, 207, 207, 207, 207, 207, 207, 207
207, 207, 207, 207, 207, 207, 207, 207
207, 207, 207, 207, 207, 207, 207, 207
207, 207, 207, 207, 207, 207, 207, 207
207, 207, 207, 207, 207, 207, 207, 207
207, 207, 207, 207, 207, 207, 207, 207
207, 207, 207, 207, 207, 207, 207, 207
207, 207, 207, 207, 207, 207, 207, 207
207, 207, 207, 207, 207, 207, 207, 207
207, 207, 207, 207, 207, 207, 207, 207
207, 207, 207, 207, 207, 207, 207, 207
207, 207, 207, 207, 207, 207, 207, 207
207, 207, 207, 207, 207, 207, 207, 207
207, 207, 207, 207, 207, 207, 207, 207
207, 207, 207, 207, 207, 207, 207, 207
207, 207, 207, 207, 207, 207, 207, 207
207, 207, 207, 207, 207, 207, 207, 207
207, 207, 207, 207, 207, 207, 207, 207
207, 207, 207, 207, 207, 207, 207, 207
207, 207, 207, 207, 207, 207, 207, 207
207, 207, 207, 207, 207, 207, 207, 207
207, 207, 207, 207, 207, 207, 207, 207
207, 207, 207, 207, 207, 207, 207, 207
207, 207, 207, 207, 207, 207, 207, 207
207, 207, 207, 207, 207, 207, 207, 207
207, 207, 207, 207, 207, 207, 207, 207
207, 207, 207, 207, 207, 207, 207, 207
207, 207, 207, 207, 207, 207, 207, 207
207, 207, 207, 207, 207, 207, 207, 207
207, 207, 207, 207, 207, 207, 207, 207
207, 207, 207, 207, 207, 207, 207, 207
207, 207, 207, 207, 207, 207, 207, 207
207, 207, 207, 207, 207, 207, 207, 207
207, 207, 207, 207, 207, 207, 207, 207
207, 207, 207, 207, 207, 207, 207, 207
207, 207, 207, 207, 207, 207, 207, 207
207, 207, 207, 207, 207, 207, 207, 207
207, 207, 207, 207, 207, 207, 207, 207
207, 207, 207, 207, 207, 207, 207, 207
207, 207, 207, 207, 207, 207, 207, 207
207, 207, 207, 207, 207, 207, 207, 207
207, 207, 207, 207, 207, 207, 207, 207
207, 207, 207, 207, 207, 207, 207, 207
207, 207, 207, 207, 207, 207, 207, 207
207, 207,  79,  79, 207, 207, 207, 207
207, 207, 207, 207, 207, 207, 207, 207
207, 207, 207, 207, 207, 207, 207, 207
207, 207, 207, 207, 207, 207, 207, 207
207, 207, 207, 207, 207, 207, 207, 207
207, 207, 207, 207, 207, 207, 207, 207
207, 207, 207, 207, 207, 207, 207, 207
  1, 207,   1, 207,   8,   0,   8, 207
